for 10k:
accuracy =

  Columns 1 through 9

    0.1667    0.1667    0.3000    0.4545         0    0.1667    0.4000         0         0

  Columns 10 through 18

         0    0.3636    0.2222    0.3333    0.3333    0.3000    0.1250         0    0.4000

  Columns 19 through 25

    0.1111    0.2857    0.4000    0.4286    0.1818    0.1667         0

>> mean(accuracy)

ans =

    0.2122





for 15K:
accuracy =

  Columns 1 through 9

    0.1667    0.1667    0.3000    0.4545         0    0.1667    0.3000         0         0

  Columns 10 through 18

    0.1667    0.3636    0.1111    0.3333    0.3333    0.3000    0.1250         0    0.4000

  Columns 19 through 25

    0.1111    0.2857    0.4000    0.4286    0.1818    0.1667         0
    
>> mean(accuracy)

ans =

    0.2105
    
    
    
for 30K
>> accuracy                  

accuracy =

  Columns 1 through 9

    0.2500    0.1667    0.3000    0.4545    0.1000    0.1667    0.3000         0         0

  Columns 10 through 18

    0.1667    0.3636    0.2222    0.1667    0.3333    0.2000    0.1250         0    0.4000

  Columns 19 through 25

         0    0.2857    0.4000    0.4286    0.1818    0.1667         0

>> mean(accuracy) 

ans =

    0.2071    
    
